111467756319568189137769229879106735221422340531868913615543217049181230848566
77751377082430484496353521547373086158004476176572657067117791459202672307428
84249893419707712769959882893402628756844844230190781494515837101506544358277
60028590106998989948851325497765013004951385943230623057377554853102902392368
103362480454302145196466212482778422899691018166394950845252593823298207956200
100628358264040415220231313155721884412411860578148202142058486395181620393785
89009287209648575757287474882373551817459111229175383272947529038923176872004
96959778216593652055195814405161421998431734178657069693495693561046546496161
74563417070846388461185822100232007512104496447978275231368103568020640194784
73453147462609283174258013293252462835157605298042340906581756113844729099146
87279555345415728650725616127944274033713802117099620221660868315522487461762
61449792015302191100957651769791406678543233609601713306001949400659623080701
64070206735035802808215513610507849506053076658442720618774463197616817374653
73802960746649186979307856978883005606176909262979931713770507867561523931818
68049077652980833850966978687922767024703229144795061499557989716489759845439
76221908867848781663903931078814653617451402569779891659787795800363301293259
75898318422896012737460013285452665345389102213216559843283323770794447994004
111699418878435086040401318328193339139833977907092195331853730178862011122433
115502690972661794136753338726455322681820141880564192086396653649399934290176
74936029320890422574234389863952037395896314218162242275060801605608717124347
85094290673012051993447789626923123042158578288203870829439132059794517240534
71089458974519165741078413334740061754875691467066198990685830794031034440506
113860635856753348172208806126895674747369287748648011604290600790466170589669
60436093278086749354669821599287911479352860311268255951306661248564224891286
67572988682455387462090911969831771739573249078256977443771381312667519004452
99393586438252333556261215885891555658933111611532056321934125076923243200022
98225407792663300183801922470467416707025903763706104792401019203849588812336
71190860068506033359934903227450181443258717992428586110998621386115640581417
114637472430754219451606554107483171154333625231681782981174772579590569825976
109961033757869047101406531187100645725608643908358839799703430056315439477680
59026589594290814870602185424620057246793398480662184582296549933407693831014
111006105957809099206048936038506482128618103069613650059463060659313919655308
71935949009173189470773313300235567909357403584716205186425283575614444659406
105653687895046042408302320975017823626926835944757934318064745334419200781376
108057494724856924470450767991361207655240862624177482051599609463081716839198
108690310179842142690402805287169031971870369136041877905577187121062495006414
98838727809335054001351378254174382397510635533134933370628902786544532049960
58331605511983113540296943254390009146719996136238693344054837335989203351168
82433988170967811586698025214788882628495056804305370055567425791829326612202
86654906937244160181314686239808354975894051868755076190235399918129230860953
80570012235405858629370957965513259951426132205280013904611341372616138007669
85353444826700829033717769934904309451280635842861754432015382362422409700871
85562056820698369591718121023681107854498082078558672202299355297308070601252
96206879863260599762700239298145581267929466179318855796976518736817851246808
105333810524886650708628963859401965515321533030600595238700517881629423327259
64047358652473453805679190898440821366647412033857069604446355995247609465937
61674180911198331391094614020908802212496819250104954064755207917219755573170
64009816273512372575207414932103940445044280377461056438238495178798052463222
89652816624631801242102503013514297970323173507769898981734923322442536151356
72029463828883749428357820799503359409019453335423729730785016834680297541856
77145983525583677403324145473631921755424350074795246354189348367093134344432
82274269324465393308903604203044100062907156008923010288045420021759500017759
59388337718605180185713010051562776909341576370676025718965842633352148034734
61748363593163662840035925123968675333153580266843271764884680471791155819705
76511051090737490262191547706923932084601903342654465730734452037908080577790
103416387230558086813260587756959976705526548513973279138652334507443942285989
107353258406341414499740923163111264960911106687472267107860058708853694921112
96561568308150936046341409901045757882061479225735213255563645026973413700619
104657769993285159426475137841900263613014380270671502118094811987398956528319
76047403082807002234152110088701511886114613570848345587292586852255310708760
92226213977142794828417298142546555258350383599192245539796534428554149126335
110766119745990339287150276734519877232790760909820995356104594399424643297953
97515627751866326810351379853745216957720735516714713314419566772830459094599
62557578252747515270559667820853723025942596343164723801504097268025250646658
74052507222008416258389141879696631894272382364780003922257797561661394207187
89119085472116187427671645796331955016750376749560637455346219559780774530935
65224853751059557620344406857772227572897781433236941683771433942950057805604
111988142349018890300115811159608780453007114116227870617647205190688764954059
91745279386810165504394831992866195232395000130183429807833423705034838201803
86058981786361875471677746803822386814478489818342924162907839768464694168290
62581842348049516927174669014521398306131315705249372035891073715804821985866
75791033420658901404594874635022394760428707231142634873637340733924738168124
108857507877155291741892299247209414771995229616102696831972848130728430561756
76740024049880919598934330850556850770974727474635224359326885700501250062504
112799475081989343134941446395831575983292701432765657861762851847490997811814
111479674500515668629548235653525193976117331361570665153193844344718758819038
102832361635611015944269598176955668016711244977239290665565833453170537224667
81730868333250419800435114962657527279768895572445673446555020501557499413288
114818006058574613184983656510269677781713666467528327451191723457607336692234
72016374327430725902240960587362898627627491584680241244679231000588330544915
83613016570168996871656847132042045062198777440047935987570816125633936043121
62801737138728110165232070542397401934901988933392731435918800898551135366311
67882666939070983613994769646210531646294876429247987693475739599524007345123
100574635556121331000576097075682688486447931870773392638242994758346030208632
88116557623959665912772667719126862590497638427977197764138958750465532188276
96987934975599705436876452425442366863469716526931985649987097464889491373785
108690560588408003625341948650382680532380220687901186551983371408413432175256
79354036945284327556519804586824767723248950959448592389957612519433461835513
96667584567866636117270642711095287935700769156030261036638020220948197724593
85220115708658577751561846838643608119036894863300630249005271045994721625668
64758091993231310285355919500119479673719928320759218542377357243921359683193
62146216033999808799539023539296427192619030900829489848797395454024041986173
83967775747060846231733767289840736389855139299224391951697822464411291962464
111947311040183817779950040579722097775377198339573997493933978447958373593868
72567681067310239521582006025358936800257079501621370728894759905107402834586
83439277290982161475485149644535539945663492706307870187703593084713484023522
115470810238156482497078513662328897906370486163342121660459597923669240808109
86512089102731328866754033722857036834902296308129366594750179167253850791878
57973667381849675360611098311859956666131603031131254018904047993954539612703
111898003689860551560007065192837712963712351958679128480959105826501993227222
97792471925726607259457647833836956979128122049385513620837626252362009489095
71815515613305871995610181309407402936454171395803482032701168941462566978690
64640478375231382950861061619865718370842253372686542670600822436116565520950
100577414878099651965185675711638934530725831651586118724120460326451160216741
102205129482796212410181786725871836558969104819890214090339982708395164666638
114542306388148681926179385971143969463415372892800330637898912915115427396087
108442979593006427274711951464507476627276983463840032073808909896230512975461
105206452843071089918506314504157089735033502375627831440212193754589848171900
81681118669316288715316526318565287522143892832999177718032226944086583172310
96766767845911970747138015250457633990611785424699782243317027638978429944582
101643232864496832517035212638737855412367411602200651386493867260700505206562
78319909510502426617348784065695376022372355622779441459403060209838621134069
71891086033879458151794459312404324877342417768771389860120552975375988610239
110194547756836487269932881965454928891760508193986970795853567591177516565423
83773982158565234207882779052484774550827878222503610139119841721343880596670
112836478160007020404975950086261213003238868406459643785476889133522648846850
73112764270429351640315425900741282442748144651572378336788187725034918204376
85955092449231205975019475241050654467158726414659813502278392898968205488411
99115684997716452323163604127124998157462069181920545179910316960449707588297
71605142700823043523819174497609332592464233581333762034577179963415274694878
75211394422546555163044280435141126643607612523577550223716634045937884856688
89946051339687682414214545768843739772315993036839136541797546887298852386791
80886373051437684721616663489252016243826757227862020443459059068315658038806
66139349975088852499376766129049908233038963283535256557921664705290789092255
63126636049844339548760028870930881440971058572973723569891806776710043130585
115133158582545710032218358255831787961640932075923556656442545155670277448595
77568283254756824900828272053619630155222139739419408897256253158841473456780
73102866092535001859648846752007815399426716970266383693925963752959037078045
84419825507788155758150569296903281370800351752519868928776533611962364639540
74371782095070682474380956486900154654430760651806674196246248464670662789165
58280892883319833133160250589683484131992337880099573347513637580284909110646
97229245545502666500057900031396723215724982745248525697368907277432680607609
112247654655314561036686818274966628987185827061210540102885152668204412674198
78904046938245641515117487906197550798349890508183552490529256061966833917573
87904605070958144373084751053671468869741857832564111449460456994161396922110
101631650227713201244562013730161134426657454342071620837647323517372238149221
92362140255291187169527053137125743767663761560510070605678488936403404336564
91300379502857999922118399234909536159022325573703179061849743298587278810971
59095889487301317911777832991472081439586056937015958977232112048471526909961
69784195279527938397919305434011241654570223797630653413118424878299981507439
98524047456486762417692013811313603372941652290851615216411894472217176509876
98549317802245357143259999441419526266791724819086080923622192844169365872981
84612542411524293772473425448605744771629289290370666632228114287605143000331
105429420461132705298420138710128417422476018241704055632306339775825907543681
100946500324590122386901173594423115407962227782181949555319895173265753669276
87636912073731219569764773973822394117870530532170918096098037021277368099699
105813571993826406178805654098992565290508957858026612759420543570790062787591
94573294596596948646929368683052389083165538199817350599255708640025070049387
99065709752245801659707765591480332549494404628037928042818966006505313411797
113559803784225814636663509065696457070243466176678675515591955615338073777131
67317051354097689849883431615887987918334500245760539839778122143510432296610
73597347536769870259188963161170783105950814289903127948437728998008992075735
97286801490486409552685928902010828917871717060856458200854290907595876872441
77798709728304307269499034666680707157962672277255673194839014170104930841426
76058955804330299287024685014792591716186166084124632088887108052431646807059
76743308000108658578528866694347464619185156718051630541429600603449400063188
96769323314354197715177173995816208650673435364071056065276995600803931928852
61721235462310601416813131161798431526247209936159890219414213000618301165516
91501403732675261602052810004249140008105409167213191763767463575940154662479
96620419984050629853117321983049515272027854623837831413153656941961366577281
115221129446403094184705845211451444486910333900677377670400527749416953326550
92613793414805428801614249784527360599063129743669444916792692688569856938696
87658628221262883276456905312829999900893434340109272545923609907578532473036
93577173899192667771203197943350309291999516671250843588633148526097572479050
95354397636882784991738690657972807443219381954312041220305168729629678621939
73462688763379765999334291709984989066721739705197694710902619125765624157344
102143452113540658457935761896494860166552388078760798199837599156352976256987
89362456874114867117624289726487495599222983942110232998165169771572095155322
109029055645194652664253085277828723602019941593461241714758565456325471142794
109300450527263619024157834403544880593764179404403148281560587214954824689192
103598447471476318617867836276757248362204725224135051303222564747960892394748
64870223751692920338195455458281377578117084461546306645616711107181258875204
102406418672761770820032210046762728162212179890341798424365333747163849417353
109189854968200254451425271496900906771356418514741170483901636758658365530125
114128237600944586455146383204566417941087177144867525528664649961654287635018
89083615728503380959737462163436580876811677961145395868048493572676845011119
64800529254848161962250396894441657615381648074648266968779247064198421345028
74761175292132954538215775593001259447130920170223896002502677320880895893514
114225957390157924160732769114674738583292016623161477742676194517489348762753
60433537409884319284455740790458469615957419645985315972229748210397301211182
85237357353621857519771878060561171703412005064995782992487839944868797428037
115472432365433087331837694629130767568670300018939565341010065928465529831675
76336905630889488349455552682474145530238336706852202518510019662719638059419
95840150329441700912901035719358812427546019652176676029795665358553085140862
95263291553405942034358162546678133984596303924224309845059377148555674177098
61606147472482964975342186284505616573017353451022075164546079812727100273928
95349596892280596482387369327404797005772753666069256751508936025184905995863
109390176392760713986427635692496343532196216590732571686724320538044029100387
60217543292188246750415893930361461248464311235467345067921047503879913728738
75536240367587151527601242262576016455555674786743201138933135894356507096774
60387480055024951442099124626201573887510214017521289758602277915330051371030
112854710250039072016338339239585969830540341917154539799434821929160763621482
101617316378497371148014558780726046120378473116387575615412170334044272898353
106116456872053389502740576631968222042206554175909874960562313811865704630976
86873836425104046452132604222926812366566843429699909244313879359793133880559
86559115937124002844880898562376973499214181101729913401148483311138756029331
113389994758592943703490934982527159780096214849255501172419697739125432874292
101680753603338819846804555637122555478677771857092566508315115153859793922623
102275538612018033588677719183519108241966351299794849655075611653312974806710
88411149585669581204425271350869882828024321161598300998193850482602897176311
89740934043491198697965674619678228789208551512093827063732423711878831589966
70285934159999715065542655953784544615521614238289111797901102580640964932433
68861321231138849714113434539998832502315920122692562455986755448256131480386
83746722762952243663521072876988642003931755561846346312330318736895468790389
77752368203623787751332928549616564773214833812524209534817222275847258416203
106230719828138629229993404377139201808481051592071461459348898944198188955895
79434752592150802559930200503665134141972509243656286157999931223159053419293
72542808849805341510145685388136943656160520188578253296293270843021192221108
88929867460432797899904680176527864357912973854143265685472024747854542913409
65678456143546072768412126021957676810945971205335507124124309298508614043178
68259876371744365846335304300842878765664710806518111833908901042541060930555
85090911211097364516053644219112569853750266419849949848398974740038898782866
72831198725328536263871248718225762818743552463283493035114820309530656441188
114743362209464193771527323399482622542607937616518542071264836735339683871736
61664024200940096615969888047246951866071460714543762450549030250825177098747
82767361738069665400184725648649097326219021545793843891732704657460607661975
111737523205622309315973593792633970304836216434839093908219571880767145265870
70204546730345569702802592094439716452178437506521288617900591059473927118100
81172241770243220049136385575035356808764196938952331965316879169431558751914
112241462136673495469384500818612729293354195798435918916713065119940245267297
96840343432492760286361890207292128273450313153624587170074157446142014232839
89867613210935167187049788343534068537545414251762391426702387576094162163071
85167640230208395161479402821344395062834433826332410069280693404730303940922
96245538556298510342376158116098571089635754741045625533786592671235422767232
62176323031369008181860410021713409777752951023034716436967617391850926507842
70693372219476836839024068513481638220331403562143038323655599519306741780655
88564896129054319349111948155284513981406778603658567106496444557255181866426
112164284511545074888533775664429852511173509949954128695784193774036037787962
102124664383836226481974486106237982914395821538449102023239254807724888742515
73883393813102050678941155174337166354794590547923697575681575096217665441236
66115466412015669195185145271448219333543816997839022460655063161247087212190
72100440746206068090143908947676418706515575698361550061708540347008900582796
99147381212181197444602692185629524716315689786247641237317454691684968165967
63613509021944738698888757064195915686714226057026760006523982627676319664251
58091803906820638453407642776869262081395369324452442972306340690696266430270
80860381760784622307434183320740954557091182784490047528963985618146906624796
100900164214183583637361378866349834973161823940832116525029675127010657973862
102658804289431349028939767185971156314115729965245966329062317051227206995349
84001943271925999257366789112104332436235090121427616215956616491762969372317
83856807805442208102552846552017085624074977690748548316589971516254746484151
69760657102602268596982128720122352034996459952448142451912790852075831909797
82585481202487447087909941946193460550738017648511801018009522838674621738551
72643935277474683449664690444493282788756958512476592878520161379373506910582
86353881890258739864029596779376210434211733723236572437486078581025232519348
105274409832530959825311863429743430091203669397847346952290954406503419029914
111311316661326767466226450886468250301627886780848178296096423822065012938983
79163459368730973251887242845336097837896066663703925372685417805792172788347
61533025050986555343095232879704985309625387342127978366119857817187654147855
87808733577453568094164663448259394038605793141606244843377211253843948698817
80269802643831616920220571656129098198983321075451378628900541656932107717720
108635489923805143837500374730584607330235729648994962235278594805103655404089
114711914196745447737705110597859020572238119384950580146754750136188399097480
63019166389163014147249294672069663550485076435844557643908799084499546851066
115144036242548483423431280423720704731674431518878105164511937837872580024373
68073886796369693998263799838301189042877573448873326692554216831480969039894
62230347339967008052388396423097543866696197852547385230306908050012747489726
90526372603524364108439502779064765482053806121227341301912954027360378426226
73727804143387818152797155474326757525888544786183739869806784070028625766160
113901109786413685091977659335608026055752804536224942755091485413998525679375
76465555696714448306698059213253982389232968789514785810472731641463120676192
87279378812111803917999175697808172888341156377080608919959565729799980505507
97376281401092202111511515515808666254052316957670513574106377553956782734645
99709156453181997573980489476545116297362097242507670847583047408768827805811
110958377681069506036198261588185987834508975701870122526892831563687076406564
76384271357240470370919899973996078975323185071009207778647795850591617237006
75600158240304787965432872617889853514275569957197012714332126411204786366411
59037579171703912035797510101384627303112289493876102895653062240152394231776
89724651596175493422031760855782493049660836170416174058966197026910155058452
75394914122198794437542525213651313535256153295724010178943536642454472253233
72951428639042203824581590692530209002762177916306957616650407220129093205357
89894349459510168845081542146546658451295292102564213738223844163764441940699
99774056573171893517505352240484279683259396838224893763450672509553334555358
74215859757863960262057986418495593337289909886639972435543811645082052678563
103427069226187485998342988352333761289081255704252079544784967652013075819127
112453987404108511940967721371069491372895690618741043305400978170470619581753
91510499597947695395758215818572195448321223931757773030351595155095124139924
105505462448105327741210136090421058205044376599782749096749315222333405880341
89183346538069162173083485045413057370809654769403890159113760683154853671323
108387702532657192920831413165701622503621104797695626000257220383540791070479
113318525235010055355475133734506535698086772113941846896668722167039352922943
110406730852896315334226487554892410509235304670892119407664932795743672671501
73012617436384062902456545303531383589965022943244488326978585239717416631770
98444158371413501890478039580795805804056400559622355953118812686935925171832
93413817041477378046493216686178030454844637956160906941766126131373737962030
69080168166618065862428120024200073879320369600057870191083735877664061265427
63841435667894612941534459549561689827777741028186161061652626248250538435668
102005190547705164037605450504176445135632311247149158357701132061323460012326
67197353650382123794514575818751285278407867242289299056834342540003098951477
90361050645247316724840239091628520174730731142057734571386763001991037350198
61317744186141765708375154410045041490355388775187276100448816757880395693971
59856449794996640278077393118068470122414243737791992279195906568587061747818
105336733574760255193154882130814970374158569139246357413886952898685327910043
97442046703727852271662724255764111791021688556454264235559565375171199437307
71693790550485909194161457279068459753602816593326931459609294947644234975167
113841042028231664075319339615802425595539693382506869505121523430872019408979
87269829887369665732196792914184828218958499582257134859095801530347879899999
99912571608460811110269013357105510330787314324045207879160038776997398950813
63267999367137312567753749121767258039906251149654596572948285545206889356954
107788575007290222568182071840394266346070969747465043042639584323481435631209
109862322917466418357106442722136270845455851333323985465637730196465832903118
88867996130189544975261483566194107555506474804208242716716407396472416976789
91368954589954529842787613729757764184445458270836391615665101874185060662454
92851292591301846970194154437184652634814026710800160452613920741620651017827
91347613663879713668800996646745734316073303306252622949133269977658696950404
103060669463263835878261645647009252591820220080535343055182576173668516371968
97084061354545755673300604415130155939675504051911928819531082620003118834322
103997398032178585696942937192782858391558243048553394412242675831555576324071
89164526976218662109622154407699042982061605863347264207048559123958596560113
64311237007410443760628817196517693682412393191624839758656824198694510056188
115397950035139144603142534761900722410939987302017940726994519860679479383357
90550523721381889654630200420552903985979229291586873162385164466336949747594
103208527730115844293674669001516706521500211079490654281189931679953314823352
65723416115648318902375143966938550010783280280665989154566693759152811099982
104119106194321799275663417801014784912288723630586779735923932113704956738978
64995755002066841698576942777114212873225011279554481294243997668569858888956
104901831571944002317746844178105963299362040029101789338648204369990150179882
108534424782841180781039246383486570878332813424995586274732152608473041152443
94685690827483799908149743190632155785533662843846902354335066593563241135919
87172420030190556404412919110209802843784524789937468521494305558504932151293
66049552390214121624563313289973146624270249764361180357163621521000337485519
109277050168613668508766945648867606019526189778566520703875590932334389815719
83970878275967156356447922727551696042948635299684875462076414641849923815956
114976768387193014180820261290038962289439732729545615819220688830662414491987
84237047129518136279777759037219908217183364002819969204009787597196857433153
98079410142112514113469344200905897845607216451894510377108632259615005649674
66446857415565165964657479710008906381310400651228120044724107565721807228151
70088764735116985083619094483988769116020722083099837887506593081197980461896
79555031597428352641799846295835751144607343952147989247835824906217805578696
86043309103353635263272295856555920837797817980987780716008233094354637748482
108128927461330067515689284097259271691018874915188733182772755261304228938364
95836175793501649475072517670942119010611008795438703724447887721012930389691
110246549671703677646611033972603526491346229954561966845433928101605750370055
99234432780677322933162890931774048424279053574992760502374959321401141083328
112468934475968137991245606001060447124143642744121203196825864612912486311855
61993951540108503782388303080405204866151386730715006103325817161899708154353
82046922529166490165565659134754340841665922968928594426749343450445078238445
97610134341888998861275276951859305109027243832423951826162076436973695473883
65552747186671515839890533596731480849201903955588165721779162137684835913964
99271721943878914948869594219755622843047218764074228050191411816635742934897
103604407185145713554405612216252290914334700142202951839997433702336345769867
111077780068604112988541922390864531963803452812015981284197722779242085536086
81513397135018015090408747388115479752046823429723602300759842616671309658432
59292639337177931237157208483814630226571508318512040308999183529577668950611
108427759782868484386373946590400110135677453239986677477111171369659649555336
68541314970585878415176687953368139452536150992121594667488756316579471710624
88838943332548225617985596679427775423674280275320301034854686674076209491682
105070238459708902005483647728429808670527029707554082583133524485172625074025
77697137919807692110666794065125644231141125963249121256761612310344180444962
108776259916168139407384464293669753317540222089884498622384685015790018474417
105670037241963853372802002493110144239847456132965420882734773863890212020620
71230053281701949009190067206621982086150480114844566626302908054687472552139
87702422579140494856045583124849642921673441304868215100063692671238995644612
80078507425861333246866594206032381088069223688164582217309994495285758301266
74054196961601245245533430325674238532372211157310449102482655924389202703647
92482068674647512453476511837417132789899220130778034635424315067157138373579
64043578364572922849910088981335430647994090981632383545492596031774623843986
96415110882557298063310674765010567663608379606701084611581672746161912991115
65829701369297641447277074901674032467356149076752717030761671034867659647502
103846018397598973170514287185034353621080588259836231662795171124213107368611
83047899701090093182274233273380527264801992161405958131222389227915610239667
106262917895918702828721455922987473153781584306404866504153331246479930237389
73817482350256250209551312431819936796391467732680784797709210617028196769748
103710811427223714579246048866778701054747153506507913886329896613630650486559
86053436034907313329812495764238061628754083263309681699769341804491585726619
113869388525094530191929420997056770737824149400415758550199859937217548292584
112594328459013909696131588026960623587050279492821437078547393884276560546963
107812782364191575058327050887784952584138015580525826316771201843452905768739
96419675669144144324935117619761910102705806907866930885145666645990458998586
98105467567765470024474635836083998933816886380942983048116931953993597138288
111657904320289383480451055800617104503704696016914836943130004832229923228451
99031175221069946588250376259501848297126613159907218642766198642427162415231
100354219088759510837688459611668039421434150140482937648157622997518745434008
59260991137920067930135549637488977147691287677931641550739324405966016182912
83947642495382720869453431806445851040741321149104216089388529522342881029180
95751283921113971239927188903448419965556962841177644826757031275942952561212
77482509345427966826130931848458279925078786712242305503200842408305957769558
68173638960449688232603105968705976958107554123854992067863806491141955301875
90603578442797217560509889124982825652983871425487747307975403116984795320815
76436284731807306768442535487967912591439864791358926297192215268699860033969
89268405396244158779078736048453955296710507648295179868923317722223463693071
64780644219871473858646128362055901992854179241707214060160434011551780292231
104715479529860141897570845606946574670555698094935942071350845948775408795997
66967841702370248959781946908604236661119438743621063951959771571641677482219
113179438419267279889657063433034103584337025788367924325536885624286702319798
83480286503749328378358151797263996040202392908008354007773895438723312034707
67794373171438853691380250958583316981870913832673946375281344545939673081105
92119123481864376725305840849848610148116348986389791606199670889930915921667
99803448013106813819080898402364533996497569807575182088849416275810196438389
93426867372839026367477024280852536441933023671217732984275743038649502641656
106848838556550849878816704445505877399454876828579076295075634839633164540326
75324029631672893544491709773174936076854856430346137547473803100835781890280
115572382787720072580664614411894646918466810902927515658472631539093047123737
96611693607627578678601699205065680970554175833592614818424819381173031752007
75139175808859323988624099766119366948123314407805640230694706196602880347867
93447559659795958980529179497691283492035344695125898351097431562894872028720
81260511437568064562700903032452610620798730129272617395186461647524603402057
114671139938184106986350472349224543270398964861646752508039238309803709750452
69408134273082157436054366110712331196309031566460949183453605063483508627471
64974552456836051190045179899027967318383519318134366006141342698044901661149
75022670694816995443808959267900574035785789127793545580822900443212767809979
91960286802542466850175023585861149581714984252955335180747775830224034236471
101109656885593743751314872659864645725572371865588545164157592717922065518367
108019690050827703325685552504989391465030341533787880216359249135599443599958
66458683334319362622169125883941928349435257892486085248004066138312422076042
91030432982516850711948269155952524756252330765512988137856220009436676412835
98434946627874804648757673348417758856523507048022305091534512776980121838009
105546465619667669886438519331321658411785782560358852795402702889305131870826
64086652634535154948031936521055495466038983191868380974116140220940577337115
83265282458605465180721750276689248223230383662568313575504369662957281100951
70945661308021489120631598183010500421366477757017283716497750231666454966702
112079374892043616910058009110271598641025878082790384149353920010564515224240
109114385287498716305089811486285593812611168896871725564562942533625802076811
71610931558185850313900390653114831464204297467070380419977468450799565373486
112413082350034475037845394991823728438866911671064450605964056029423491913070
103859687700930390184049690041704530099072045839881193669273982460279506863710
59270376866507735250551296530207549746882363291868914720534582200142441529047
95234543166987966358096703293532883669487735356986458619099169857381724999673
110053656018796010479589937185014347065427151693896468720547670967824489019218
92441317581615950718166162035754756725826598317527118338498341529666724503230
76108822554535011895410524085521621857117666616329952548683965801893713409322
62243830182839469452033825170918823897228832508366295057343782509491735947868
74656893072742665827310975499006684908105071372324087328755508962999993408653
69909004260350625387737598394682176973206710866911508219283965816182785835390
100373915890407284148074245657455098605141717869239009503558158832562090334713
64515628043513855165808662601571692402930095734751064059000644159319224035579
71671770792833801430445454042053984016277210224092007342424519287615169186433
102273337712522603333566108673037002318501002715226419947066490063368919519497
88966080508957184610011146086377136378518085005000388192837076741493231844196
75186960603486240043381730159823591521934436584454228454880629576034283920216
74332059977260079613745872680274494516195805543923984464360719310254517049395
79816537199990112949608342419562520090823820280107746244851189561562633184437
99756523333059385018478500326990723461226058110442994615368955009709466100980
96366208754999333210831339889063439669361422610693769390323201976337397057045
63329587905485731223970499785190308689560513231882769576258541274476245877882
74607750426232510054787426835389001486276974152936620609110025428396267111845
69463424355905256497878934747068571973920142620696994229294668322986733747085
78614006480408494371632090900843366769701596635746915013929429063712215842714
105193486191399156924114287148082350805416186612727504023380694521767549147271
108839716548401712649315191965021797827974890006190095754426736563055895901392
75982674751946777315975158501509867634232551681612673944748031082789122507071
88964836126375527591545385206459456295987576271799518909248980454444906684052
62577251549515006140934230944884789617538791282569155090722222060029063734125
99494463784138797879323446462559038223334317142569966088348232825822844996592
110123176962911196915263050141486651476592383031972810168225751048873403226227
97850194566525680343648003274451393007227424210399103964934084814831818368932
61058075771503247354490300807228036860836693281078810907292181050762057366892
97297388161646244138716969393316087082965075799368986973219193514429763140528
84438984659493054328367314428566027030459648202404718279823799449393386075423
64795903749600954922535006797588763623755209159070420698310438286197007993886
83580168861321334366216811899624425628934318078349097573384388323561825451344
70620160160009743518572535258305390322682609482484651924638203256695690367820
90915906442677933016693421446345763007616130344810312363460319903558575112506
79425351597404065779308388394008671224432101153292724029270365655095741214154
82947720779183749310868986308351373934931315130765572702021141013566900349665
77435846331899631264341891153388550734745651948217363543408101648045299160299
92628748956282383324718295112418021903905241405822502785015103657193354702002
76889777046265653192963678595287946568490823092692110735272539303425800653875
93891250242518056531817197611786053898567998328850652089125357269716614691904
71496920017870466585929973677276602367258933882732116609753388770303414203147
103050484841410314189685607440473927432935838631332043357700950855397565326228
115447744798513057048948506445550901722730694904224879946160895751768087740020
99647303560822689552147658537891586066444996835404026311834012235220971385630
62906966839446168561830385748369639708568337633288703022612717432771183817654
67343237537896722306298419760240746669837748264731571915522560293685336439458
78474882559620114051522206816748089981186444796868008504068453900682674176908
110268404887932693661655671734802764295867171707869350884268478264386798435579
94551466610426854839758946753128620201657920818915792706038471539973666668602
106497486515693422037810406311961637657842686657965419416311022591767875633347
86977080512105536017193667495985595298493620233334848429128461820407110148326
96442021616774026456084984782177369694078211918035377552506106970155026365131
113590567163834002917909561952919327228578578334657515438998013629121388288388
81350302184643350793621004053117745992040636121895817842273416127312412709441
61561258650265083847925404595881715369478727209772399036687421394538343939606
77022267818220703915793705710708545064256930509118259189984010824577900839301
68082990815845981281403287697546212905929103127135618287467579960238818732270
61832726773740117487188560898138009509645791638034977379873741084363299534267
107492007554514836337456503068204527133810126029171313516098322015470665146423
87642981528823148073036999892972800184714244922749406188667646591202925290865
62637106195574165433275475595119869880069277642770255939141004991024459863904
109597280922790236481691699866596947562258900135380212694584922208187657183519
97564064856007265918228131825498663725366636870259620917522969953478864030326
89778461200648984221005057755193107279769530142336204142026324851711899808677
74090621700160865381674372362159728801353931382266748595372390351537507096934
99846574906789005762890125431906023978430327232144731936399088753961587733014
77951878980342871803241215207725824062352505350874124140300368584353677341116
83793388502386721148318910052807964609331973576989007586284247397103484887119
71826395827378705033233170182915544068155572521755904260760401712676249032175
91784806090202720759545775178508153053235391748392390078878830147617601408002
102770329708595030011070250623303851562706266118872365195074414029325392747248
69440062593073151432061866532828863128379372869792118749168734951313930191635
90593850299650960478443607007598845500334824480817016615223538921212946239033
72796144317034842951710784708872051869187075697090414273540488929523993273804
102537483131684242260166276569498501348028916249071136974558667456584995620585
97072745429338904069653780888744148542217558071284113325701748007489080225890
84794261333735379913432823804596164172975001776363523974391008467610879249256
79996429832914091069184376104529068553405406395539155942345312613927470666092
85935626733183061174223750700701063015169817640612024088719754049768263938848
96603670599520799051623007108522056802092327550535060555750178460878137034591
109760776932358667086704746105619462623322920232420630316724001502418058706921
86196337713487539248412396371637488714390883183234968457092218976699922656255
104581167255420731152724426119326333997397575374468827016447586760186751016597
76764626360582510453870488113165179969266581511467683169043578608916492314951
59628923607608498414667590648615094317902757758284694258635666380925444435684
107976800247373097657339873994849259212257863838330024619637626198358514477956
80996092359016931215999026512508660647953794899588248940833852004086130746360
78588271962110712214597763073390147148050660095276459993144779019688868353992
110653878499182503053654334043314163584547472985395589901992398094128587333970
105293929431899128881957591585878669984212033478041717581041403577208663551768
96589040464662941750066298629623629755607656564429999455500079357442313495456
61761233080358012459155931045787066404084340748505216463635715119631619093900
109803371134907546312503841009148471549648881584128990138997381622416784813290
105963891192831359607633181600454878902852394002792853393318953878631681268254
84403104142431814277227608478090020962392444894739430356364924974823101159143
77933771594680171599854665195538868911507516584263146375512219428868494073621
77526148251619322072792328857556608783260603511720627381766752895701761162603
64396543555772297115279096025698842851865348880735944685788664852782917875622
64273754887106108751205745670226870080426865757186742730747105016148949114600
105936002064621186499434380231005905122522622469114502660602481606114680081300
67501829481824251277251086785922868938729162172872429091778722935359986114231
70154865590370982487032378803302299753732119541870646924517545193923589510596
97780090886155572615965369648166602637515144206970766537824380617319724164416
69412663548718681142881698724122542116080017687661874995939522589047703016418
114975289958839887978608549087695358044392555317751488667235710794249066456016
84682291500752461321997682201382699267780687342427496521651112107560840028003
68255997132149585160194531886764192511586830998245872347672522110581081751497
89792973655623208127473608111567476240698257373040275278704958416476277276769
92791940453474740530507606160949241927888972274527726006800686001415002771412
91159034657540719836909806802822309684935446081315077099330808907467569052750
85681218124587208714923092762339831209418635176650733291707131140461435688009
82777272619903838198257400996367139753392635226158160979317268561089562760340
95236302579526436211814424876477833134789378282555514332808281666257560748069
111074034840460839410238906792752004308763254174078910879250981160764910429954
111353316919085248959252200860000880718161038122194942053842054640892239429743
63619148641912711098458923943815297293232934929271395383766700398470547016131
70763383691486020237842104820008387168144456090951934991430167461200010001066
90714843173267274567237438191206997098694538315149532691325602355992618874989
90313315092119097726673144560436127813041915186406045775570281232969847841034
72557001182164166642561467141888678738894626899001462782641336583798106765340
63696988507062685319938811972938404292879884747802171632607482649900871987869
109652883529434422796029300778394540946277345601174525082131417571692893738197
59314946903038623075410407473222458824931467364514477735005880612462294623940
61231283147997116231257550165281114435971712803998427321927820097817876011282
88455152368285488682429264193516750358546897591492296892012255346803023785484
77800639439547600057189842146498069908664863120756983554967405398754200013051
114251991923599894165475970104284593970905603191453856796553275974302996756521
89838068986525862587677828247403346419348873119882305708821627745855118148312
92277918151138582957448271230949666450256459185685884736358228271952541348884
88416576938650053344835699314473067174054815194567722610465666065448356853317
81239675321612019565389092273507411843731871620055968675083288581295663722459
110885912348591266285006346491677737986151144663060263011292751423903073546583
104944793030039036431722403633177279170478424354196446540894706098411018266437
62262895754858943850411863309365382527673228603907536363041980336596135604494
101157525145561552679974634335887688484376374053631053189536476666610159014802
91007910733188234592410567088039056646808027221333620873147486557680254949089
68674009280365909758000277782570303979117177540448657832582754550385655934505
80823388544063346109083317308545574466332396482680031691627896201782380855515
85186620758809298180989964116965789063527831096745219193314965585216306185480
113883799642642603029869897583162178599163347766269739831702271232976095560792
90530644448864173511558330713205426843044261141207810437750582686187045391461
94737851712797701955498196238805800622206456691810459495543506079692912538240
74451677078641643290405215792864302005626040677380591788817424070615853006818
113406555664845017856021981772623712612214855274240441745536808271989600751199
64246837620305486898536100276336205727551375471133574074828101660061796426665
98313865346380720519231177062950404428814734900893979222259811046499344239588
98242553393074408422156734987575883739560707563646901422767554399142191963221
103357097888326285183866611423343813413646520796518147582246480670974468757822
103810436506316870687786880644597419596183918839833441293197493297233532779173
113550268716035795101437528254694255950624021281664169902833731967308403730008
62458147477124684491597254783191798968456073907700746115199181631227309080390
93814509265792750332901439810924933471260308594658275733630519325787228116006
93717663117910068342068446635642801056296461570208586456649931776870562685160
105165767232280511825747908171709582742272605773390093147085132495096896869839
100628727779012045890710018015623214707993747628547173895109542196838195299063
95212822607049728609068262123299773060445445948691581317698766987227911953472
105800995549712822843397656910112989543431633889109184473657982291238617139541
84009724353163309647762695338943944773172648476174220416885110278594202853691
106267306780710203936058216936120213394057241864425792752819669043739750597448
88127748876089539193094990559587917897986984443276957481681579474803296455970
65518109460456929243499762018245268345121398391680825550458280011649713478373
81827353305756400116525647599748658626075288125577988545746207680956616053592
81150149312398909662205989679225959140168734527479549717927070712515256867651
76870812031515789887270239953005456824244539980812760078905363408997536247270
110580464548876806036395807972689488621116695658393988001659112083942270393291
70087431704877205398299251997023760442597967287073670786381885554794421800560
68059973380800276288655998377804373585505840042948281127191315258181088903077
60338072564299676809305310526188251676501781640305360325613606304379858989216
84905764799732787109689081501162142030311028502109581547628271064223294240793
66914021294375256036124700098936223640141403170152246977973997217155237235541
70241075788634181878554572922393065595739562198544358439866155290723935479355
107811064948893540232651046694228087510069378942126595004436004359960942477156
109431785004114259832233931957529940192593720809447626485494234668317329473942
67664380224562997388130790956749626032411166507321379294574518307302023359287
89257435162389727477905042071330892868199822420681461600232279774967588741997
71118149950514631043096779970416219689501182679611891084043542705000908331077
84640664260285664887060236148692122120693651333276716927449203892268500753074
113272692970741878146418614348029981715224430228963483554563406691206481181736
80880784352372659021413646134292701498587407435394529260347603929305836248799
64747507497628354313847547433248484993050199261261445385813970499244667251080
66077166372912060715121070634086017161913238599173601924442611340113369000269
68118996497383437526673585466674787076517547520984537123084125713921683618782
62233236577020273960025975300597713251476101205047289132561767259510425107546
71262649602925871008089864116984893702923752693729740618904931345711009588300
84533762364088070771809471372640083947061395467407602134856432857819199796382
65465103628710206108490595193166365822171604425807118532271276289094187358360
109416268379872125654707499412522785401194932645132625913181021832440016076388
67535251869815471001328253881767603681522445009394360153449548829601956426870
107101758613650782288550307969758941671596516032352390712547767847073289311419
61917792632715078525710501069212106915447155629556888477752671205883038032570
107008036130687621884583806120784091391839549879793201120304494167625904111422
67165721081800151223606070670674242093713446876791671553135520085868150076162
68572862480992748128966732574704264957506779289289993392718908691872419521241
75233811585127769899733037329166826949633301037008430771164626386371316024550
74302532184282463544915642773649495953706330129388267493749637591019015417691
64089066445018437444512488332718393363137523493363744511926948348079220387808
88644780459977687370789474599294228621341092245370507868433632242471743670193
95165728750711694175281990126623584647977659913515008533875091127670177341758
74696332602935405952558937997166757501310678140060384633678614423749369986668
58043598410217623511746551247352419306465404251926799529752716656363464956404
62087291033917135540849679953089390418176862578003351219478951014258385349567
107172739410604572733652448763859589500178263129152247523229506000016572834791
66195713322875126981902157300994292862436486415485051439561588001160890972291
99937972764942814038981418129770726888042123592804694284340363689828104220717
84355194520564764170286302106425896658377111851675972141417450825694688818260
79431613901268166501541247863214962570437399191661389566050459562861896889392
81439398760132284860851281461789313821102254298413384672147177867823618845888
76585557772900784716540753374959370221005704464973966928547922716034192373454
72172412136777414800543159332446148780492090057991601856056694289229885399540
88197605619319650902356273511249345992145733091916177461012847052211180249258
104249618605101066098055205487714762218948898190957240071062157643419636848170
89399536078789469712339271597335386676092766730421837984901063978537540804517
79509214853189481847235978680996717133052324374046401233067415808979986330203
93707279540467411964899788919321696500278035307705786992162044117487443095977
86872251954920724041073029923850049134565824849670993356102123452537517462664
115524848517143370235933149558411369406336108851043220207413921209832738522586
98645888628079799855536540903861693627199579834672553798142144969481955812141
72920742098965740406915567053625166515025133915332368726503864111465373744702
69753937814544877846935925045874733906152954369193178600739477113171931111195
59292020755507582508998739983578392826397119258733682458465305480887631875866
84558299320953302380678007160127552806559450922263202127229904321288619626159
96278635041272597982654353277401976704916719395041070689966864008533869230887
65011587260051333387701322865703587119122745723185255209619080084394573838588
107717627780573825470878726770261352997308135924401731691294958917609368489178
109897569654846048349248945401453670810313570030039759283046670405711643013739
95077628242131625569498687995324734370885652228328029848962923536435840024470
85432214881541257178707252016755940457045945202352787646529200644889648277248
72899040768596836727746742970138563833757758927796049343151502450082802758883
70901591531822085063227005961662172858894814983290008850501409972226320140782
77471870573900711379955432075825161634017855912388374031126749234589081845881
66343287039940747539733636146052298502737018536581895001899426833427788165836
91849317728138629390664739818292985782827641917725253792167629808820336648061
80342398641671101191148379044289302589580221799599233042104552650782896756699
76984474569265552106805022250811049093260941983045599375938777295016358322804
111314535421117597397177970521149217238120144021466942684034381628034491262878
68207530332614210032428089188913620384590130846088334056357159719452816870592
73603255174766397256673915098772691362102901548415716857282371547073603712134
94606535149805270917904187766040898454242722270096690790282445864722452108534
58529569871507449006541981137175940645691329863207193390926307584946514508646
107819325736402789689639273890820112127586307723228655978806868430607344554915
79709946627559362980750370002805104419441198991590632785552560460804689081687
65372533803788591273088515529576177614236365585957410740620442141344748424367
98959186085609368753703557671106930302007955184839503379878703019728965495005
78986487086629548606521231623997488447393257838341099926772145532749649100391
99832867899713698154247550586075700968975545624735144207522061348072976806683
81549934204794156278994667064954062580500347151023094253262970349207766708942
93583942203067540687055836946493320805565055220758703139323622980870424392532
61090199287723565728695761697135411301320359339510093113684634370376137562655
84861082353543307466240202848909471393297618177371072187494603521676682335683
87156968701369442959447474458698380328370224595104702828036614460488782859531
94896306562921533232836044107353703914812469619952371329036312050101104590389
111574219468890693612390988197539891003930565883586076480031935664967263673005
97468982575867166818733408183926390667667793474572507558368316993358488095330
108287297016799730795265202858907327140600238136144948297933501030999898076041
68491035077733003067668605386992165081006746159698355449249322050900094365586
77231496471283390233686096636727483196088659297903758387889751732568510707818
71347840752337696548800585061628614637234888661521950843187123466519851059385
59210829900000319632295435559684418316569600166487964617021874384984349535367
60947864303487903046046797361176199569144370435091581427961088900395578975508
59337208313216427628335066946397677392673753617711851385996864405593367107397
63899183652749971792450944770470877367710932230089407887977421761376976274027
66429694641700904393509996546939509280698214580872243431933485753483303485330
92130704514993348597663688775800432491759996464333026851465078836431270613043
67709302104892914383144245923718581356864136048430431488664791188981029783739
73219132458861702701354487649877414339089057618131362622234394036298666777881
74423971424122879714442082731666148649280430570725907678304740654128298766441
91204525637327538736554358778793032319684853121111019925804204364282998122002
80746546796326644984051384496427459666632565655532011539920340913269921409393
79749030253814302099435019920162064768292452770026299375930356437685025229779
71657009244624262017927528027599577366868190379636466694993031996144899087279
91529251727805457938584919985600799689387491043476411532070076691656545805996
108528768576341399790087746483100284398150478982190264252550875922808985210074
71356891754927898590443972962422594597606916783694786906215855403532034953553
66157628959021748982258809781736919483109466514988027597597627582922155842150
72010286119472675124560350246847880146623811771578460747687175146028485975515
58104450357616621808452908276843003664231527807189379749208169002924595216858
104602962338401315239791174105346462302650556838193299326676033795875872054879
113099856477808134318135905771935618171725857131622245351142419985357040446780
89784190824186157061850049230694978471386497108191877146075044200835432648244
67682487781801158885328426802975613025430077172507286183503407524223435751170
65333244585752925301106508525574818334943896344839837395531641920933826033091
107629136231401347117412391268139987672225441268141612468789489389138832901625
71528874124301752437833593988036406176144476660411962917746303176265643979215
106197966260576825812031108359560338891635851818652146022266839971715770888939
69838791478715064529211144589267920460613491902139461189344831926964615128938
101632976196333751423121977250508640925404019790816278443949579280127401160632
87136233243783865716029070836596841367735841537014745780252544475414375584890
66515774407770874644253831778162432310115274939211754571796713486591502185257
112139942288868589616600891353559115145654573689377546950381755384081383441346
61824328121046072672280038601061777733643825907900651509179275295074234314651
85743226173853454966259549718368406702534229928964341600424678243605909429466
65397991465446864433239128424294697404644200381661197446509494420151368248393
84740312359070229332559056929358517762767245125443355357898534161300470086505
73449272679943750146183677163204638715343491109753514904145276478609686385983
62473330315449208541126818549343192142697647480083820038368229299649726372933
91217089305627451535706155962354292563245250210771194347073145001495092989969
99154002456320706928495672978793256070533167165470333063658610043246836205775
61758197293162847276407429126566865867686545125170386538396944816703487108808
63315959494188853202282794964714455956891270475236498937688100127055496122932
70316495798023510783606277724536775447605502302191307191220726413106574468618
98021702855065478584192603036055750158843916375516488337020458746836911643913
113603996113462663296561822061290893587138401483997908163812874050214481151697
69213130230797636651490690969424042974986405019713207705523965376474695993162
91066319855530557981170676251350298298630908840535221784338681952403676936928
86756268263819475562463475263131412487002993251436844863253737426989778613324
74476528054503945632588069293097888449696854807462496247629694543362875326469
74466845947076997509522237081389055237377256168914228462078150734830469347672
83837992492051871480858380843144891960689644228567036132651557565493346270368
71302514182653093018099338645264645186234748509842092035514837226522681896685
94772402356564589957589012500844710324641984955121532097986123699873995580472
76013444906501383522763190673213514227542335862193677865551240642615247813381
65547693763781057753131381116434350776239277846816412895734477920826246535337
97198457030724267437338949419118597061077494255459296401329481596373353004137
81416419508033769291896401854334698022044292508403611543951781971801663415295
75372938566755834809115866895590425726579477134715243081133699850788295159041
62331253955055385548117202335361672341776390733840460737010749628816188842335
72352650302515527533985738269816921494133765255458084829789595718324107251412
97735873843469089752737157194500439503728802060486237135058080722781684127991
111294001370592315287934813211882596614512086884358518547534558779434189296390
73053854235385745790880078260385168612537038849438794491994066060266965732454
98700703547559831102238287945326709557439955719117459042642014686620206579218
114011591078947110647253466743486704732841923562183969402907966505214779490369
73761561350546834194120078797627029396172765079770074204951104018729087639063
69694532127462335582505234054217573388526035654959694984470848391293217460718
75805672218378499961840910146917764734658114350271282723156340233835032704844
105365094193246581288730896313395581468275285302220615993286134209207505075776
58694694070531125215932063696818398854036861216114110803422322241874695093668
99655891676869350859944003029573097021508508246391957291046998898432814884593
61633518302432220366092526248790819880615663897049158939307375860709195468098
87532987667087078875625994727931972629047035709800057110665076644551670974374
92664482518785135660496132697592277688117298042618737167149893366052904015848
78496027395278191841341728128411566150495456007036339458437534055348801150919
94969771077886268011155124978827010183775379961428775912320991505451086378804
74995221608201603913215192436888242387418694301964145615501205485836752587375
106426688474887373319091319585066696051431945910369034489514793364531865711090
76720638471024489698829534311795547188165633995236947112900882133576794983463
63503622720935934633433406886898774610288244508652368899793150269876135093606
80712796924584318388357609359529523607876982815650827929093998787740238849624
99357202302725559637585216821567687517710723659640085068270900523316149415884
103052549877827869858623442232708177680081114959182745235974625771552870960210
79794266719907484464694205869135713900519403422477877242907941999854207737680
82906708518695562654384062546327874164373696552990039213603108891943578138366
70063552497842491828478036000952679443470866532725331133125565084385121198408
81537854477228534503302272911495898496104807450691267981113968107235679826328
85296755138404905941877122942645158453390380041857166918511675684341024909106
87625185947972759079539079690473330371325813585143206713016376372353250344156
59252927190930157404006217155360459172837835129830792056241243391808700048315
72084199544816579791914162006178143334744449662072849598154884747904316934989
105851963001429900227410318838692171849614486637674198099155510399631379782143
74124281841527697404660128248750077622747285164768544408625578374172462885207
87196079797616424525326367786639382538542747212803638953074102542059618502383
62917536061754407185617123115071178852637374967305269903928718479686731138841
69377439546450762233827331193498288020401999324415391142818893999390022176696
70681224212749405749495421794436809350087702913842421090842571321685530737001
77994326859528713265294171664563913454214730096974381416695854814116170039782
115512673714392781355116015629065843486497529720695959122401796009122278156740
78287461668227245175116694199170115946618224060300193687036772828111009589881
63600176030524555484171975542095115668247550672721084103613983660941633177810
60158070153583597408623330501944520608182434734235213362487004491172904721680
99302351948188985012732598793764373808070362463154647051250891088868784290882
102593557055012248094723851371978233920568239810433002393221155110948367160582
62140052585381371007170873393022501803217912673067950471267023920022693858899
94789073476307028452327679587227190237737009225373000742303302813127244554227
101260935457151164857331269180222501383218803530697740054605697075697253074795
80377070110447985242368000008367671510765319487285658823456294105727485701969
115374837077462781438439087512875447823777734815307031494571066793080691021301
99223203098243215917374230118835832724408944375553271537783098254134802410859
107729662917668304990402616241702274795488426079039300571415176192651636592401
60294255859136275904730722325693978065703591248402648670599781198703103629928
98387821715576317477419157800053737871459765303166369123246512246994238642742
69924011259105932279805689103784294762059075645719973858484023621391109001101
111028375723483356972372966252344932029727126052458026780347613996045937189075
78482389520967705562715745929769397179431014252434440317305336840090843630113
81987039823204977522813661105014513938209406987081383239546786077909620886728
61252065264715071838172155120878085093061353179718369150552579915136243233414
97732453388112955259370641400565031933146316922240836347152807596411262494591
108124626969251011058031534582587317272425241301739708493519499054999850831153
73529662286891329581604478883441337702860919772346382840023190146198379209269
105570298840802431803657270201694211091057537205510585845480940414662582096369
69524754402906354528306461367936063926723546364465527618269301099617444079856
85797694999008429072091503632964267876294535810543984856447375051858228400794
79293428392127968358778498618232757101628739403617957807726083472670380326150
99600356491192123340993260122767061301686800364393400164587500313854917071371
90045102542459554666864228216518548345140884394956156681407482651732785753590
115782267402153479112204973451931354013616404591680210894187366342378210571291
99749327812859117189872570807219498057606808874965602464350016204462805122707
70890582222783193239272273738474895178529290046544327480688756060948422112829
93416800075212016789421602215602482555339251410024851729604386468148343584223
84660018685980840295641616124037819844866281430095448675459041941454584301950
61196984802348836507994768488008669799270794782609715897808306272494830803808
104079073824739305251567016558252738859035216644088031213469037549056349620807
92616247415526498428454533317959352634589007778037716079267863517686203830400
98362508198258383114761328114980235614786964432195573434974497145153254183754
115651488144607596823470263661870624285301275955540743327563349439952710075388
74229599752936156377001800095650067545434712845538088708193983907298770700946
87011214523048436890816126183733302910751287216435699362300236138024619477011
80397182886407394081763495345568201714606512576039603719181971888481981223193
107031032551941904414033638839881969010695356562196112078392713520616278918357
101408286770548763914975217201551108734274942849298564420950316921283075004038
58208455045269923204377430897044878550976653980655264327494347962899863277693
79080713789703373873250832914669509333061055245530150506604858127727182865372
114965033440302394926182107643380766099158885283841168798945408050094804950876
63720196979357602795380803880225625480177036618520971990989417834926813438714
65217089692492854322968813882123172447570574292882068773698703724301029794302
88110068593853006398256142404251447541653131239721703278918319126585233209253
81881961675380933489603287866548755733455058746916829507719287433823738543317
86557814564536697809586716358650472111300211201085255198903262843398608719050
80093920383040238292889244282240547959491693503505814500456206680132815618384
106923229115798718018343407319301016941819136628780153002244712910774455563431
85135162559431529461867043509079362495263164398933030115425396212625040259488
113674010439872195983792707940256573589871984776865228478132234604354146767566
102191879753263498648105642277996337309822088285103150574657009714662389063527
77694754768075988909017507041715302834830305599927914461017127508370889874490
89325129150381059366443481109826954015912893743128924853244275731655615807153
103470703802313815739344131538406447063949566792888185904837726017601362439544
92670568467569683717604643232971554172263311578815695978799966326850449540948
89672149217876715550987914529318829995716650838813423089520764190829727086750
74008428467962595001660861692148553436900906045705647993130350042608839192583
65850213252617874267748024565247954494654277974727122402489756470585738097101
80568766155649365546853277127036637340738522601713913770433400621632284320056
80280248357605242963914624924955924888553148222747841241966394045835654192966
105293712921307806977491362341558457605397836192967113356181449285344382850710
94043273082449284642738509735519461990111888096345551579890149077433442712895
80858326666804557026969307788805289938257899561283271210143674617444940357514
101521148596378439855675744896159096352252658736887889219313441902028218740818
60115357307298980783831180709003152535749448632663554709772605186647662389424
96179283758176837906276139219970108500340148212899383390818250056815374295044
85714378327976865423582806121508017062589278671942397444836056227931507019234
101053596756786010622994074114929956112117162504115013524199603717399745667970
70740611106269534504840154981226363968409145806222339699126934475446323720636
70328655774400831619039334066193861439045184861836726429933874819380872789372
78421805890616308524876066640059302790297673839743241081192372101259845312636
68736566853899488976298445660543138587364880076421969524023815821210326981073
104508773060959231577619239706523459560853840319219497154104148887262923233533
78131359146072560170292325936493773409881491890663878159902071754769996416396
93388841463398770350319574175274067317750726077274628088531970857372318415879
101722763902993937542236298229263295460915770590496771205825291274947554887480
84550674699713587074218795474976034139722002745549589476432813241317637779659
97158317160286441965954172372081464671654543705783461528862654073666226503516
70276821319616544523015901789313190481543353168029390442287455927554848514626
63040289059047527779032870464402484248948934132189074359212863452702648314237
88446314922139409969984441974863797556924362822853604675469095931161538262482
114483242220236471781816489206227643193877389510884613231324999346389805574575
89827130488618599707382148308845229854477459314063064023699900784164328772238
73956979747479777084868303932853599798594572580875434521171049722213319174535
106697396645095685029427216828862029822496328650067581373064010354911344549536
64877006507352371000730295684775968743806488969482632268045963443326649570148
74557121806717045573561116580270849099465703366278352361862911242423200951144
86770659964878597572565783635118493063939619325501180803462622813348839561584
81368662156925362364634340970454504649807297208874228808354177970080684254426
88113160738977919091926668230139022023276719613208178792265961850458326891650
100002153765296909489592221021285710553840544015801410051824842231976149273005
114781607356636017836206916282330581998584471364390021881045003588491995348490
111153402984437902263571075179784057117956213947280222639214917977591158501250
70423444088768885796821643004793194209103048029593690396767346245333424763804
84903895374306680097403716479678828272911360092649925999344439233036008984672
110012090271756444491794744917627540267186442390360265274283445775743545591693
98949270405614705511444308667376404312996716732553029090000507470893685653001
70664453349510202029754656588326372899760698855000071857605163318753788159796
102153336348104353802594782810748240022595180659251628276123560071787108971066
65005557417611459403491123323427348287384988729849892757334407961633175785726
111207416621151684499322121565664921491329730941816742025874921816385307289404
66813339916322434795246235247592097773137683847605253033822064941241101148970
85901283754371949069611627303399023138119747068300812494112843729815244485205
66896787404606731828508230011931507436840508572023882698599169751184267981556
79361772177997912000755839714807050905299544816075320828826583415097474610269
61746681396821978669492567837302059619626766449637913556660848895540189756414
104824815043048125423609939710908298471480495248034151290707311796803582781980
114727250181403721565989812991281594045827992235453324997319217498724612279704
91785044082659563751747142310148172075911485760451356402953047221033317414048
61711509638141943040845951799588191139244561915625292758278757929439845888086
103480627912231643021801986387254561754728628332852147890535896724399739057001
63273130467091816655242433776890057966770865732305739432603990841232369060211
83674224043345106317347139717389226515041919192646886454476602412727237905715
86593637601016233060358841505263625550303059660303001020302205366875631726272
61201670565150877115398523076628719345080505763586998277502355151988932543881
67609784310017055600736122437853538089528624300774700364118036441600309854271
59412943896049698566716803451116758240614784298653442839554930286603398286890
79494771240880699124755873978464900852697051254542791168730016117716264328542
95131664854311451568005951833805167899646768225957353507678233242079659067862
66544236392673741904214022680258587328603165802389140773650380501347317108628
75756250629923773702713535545497412958808429606939468110152667608378532919488
78087378311494041094730819205763268130364170239099511890596297701529445294364
78100409416483370665309874383049565646435550883389938761345767064956157328489
86568715530512275441592921511435172969012835484096566946969008733634713554959
106155589585290371108299889107556883177192210967786243813742909890048742080131
103185816556160474360429315400879951692523403682416206985796688143417480663153
105501203724813353146627506221257309893419700234976920087002091760272431953201
75284437010943009342817604561101573493397580977556602284566932718212061230797
84958053656219696399319812628860813132551028139377036792904486722112372247469
61841135221416784890619111363046787111373738300107346436666643207738204848851
73119914068677122637624068558072190457088145666037123304926536327336226176154
82973009303654067406584958004978782990699855252836469977472106734383353291085
59600638744522232423402562250065060300858483320927306976016788824281764635363
60758866527644859807793995143790712898784156264044758125655075046413252898960
115498513369813297285337477609036599581906913727254137656499684900910363282117
112025355187140874460095848754313916173946527625399885806235960781377983657547
88740500893377483949397531626745945910495591382007291872163145948435455743561
113637960647998527234263213503243507244183437697858373475083768403151560018012
91084840768387579679469459612281890308683183796714369298071921926620783849866
84154112722253096807886350146339290931179842215954213113538136473288697307715
76650789780310489221294672352152209625302425887956089819440563852241787513400
99026782393351602749001973566943892953407590512774806887640168426188569709676
62329111882181705842147697903387997373985699746484591256100568169044414557185
87207550767632021812614420853944564640901627727176245612177625433143032612750
74651292749397852740775590725046791917954631311751684935468521954849116505985
81409570479967825276673253107436445288331966868946978384723611431475558617036
79113367064268624134758838372231780298072271786318647317790207954591738431640
115237287371771962510919545192529731184737852538959614581267195984737493058395
82578499553526882052311186630406962446324074556398947980306532935183375857895
113091093106932224934983610637643334191984158621430691923993306837179937984320
113247308721678409218639333178864198517044215158829539183155654774958124747667
105071025927054129241961095908658055956528364463179914007933785661998564099048
93506600531697332294166083085628536000462379206488851559189191224592806125546
91439877506851590928144966292482011271264809187210357509690248582473336057461
66992481222634713262066610763566693112527911903924069637996440819778234219741
87961242575884819957803464371042338687648233300880358374522002596376699726980
94300130089196620809337477612647741506395638718873195164618891338087066335434
94532019979720304889750323333980675937170333413682254144515545731722340220397
84454650113793624523231584724429960700313169682750251325306930289264525556683
95708007908332742032081109566730366066178779264866330860408178878029488639758
88940238487668144078437817658877014489010964330156003224294743259109509843352
66082484123550465063242202104755806866982929023749805147278423457186175422827
70336135657613958570565598664013111946225963325358357450027719658212559031392
80674000709507767590537872401237919268841235959646567377724982123999358906657
68622356767316119707715352125275861982459079937631009907180266173065101567524
109798059900583302910480318162493573924388877066078395220596730301983188858965
115291257349841999146909163347909374470086660768645504603183524010823737651852
111364456716099204650217691772205049085272895550226565729804742302337570206644
92476712499215200107456230092839003910192126277278737114880388782176076343001
58005661156406179358008138986763002771616459330291779742660246278014098436417
70243598392884741480231538142275710705771773581074068894767213534993772986382
103454075826300398574367897811881397792760732073839806351203001105424508030281
107733138033012763967673146490032797191096187439954712191195547463570694041956
58879420731876087103967790498134611053345373632851813619012675266558927525831
97151072608262700073759156731881494813741640847587941579436617553623361336927
73273352843473744026544650943412429052593808669951178753534214777057588991956
106684346850147318737245356440248369283169536513503961055078382172412552278761
98912054305867504573889300523464092302258672709745657662755254757902444667695
93007599138694304778242826863723196574146008016686665846407785503273383635888
64728092965013385811131826531179246396365899716016250290801305604055851563838
69259782554816175152585570648908840850466207352260966129441222336390717219595
77018340345681754979390689411316947608798393696505168875513995191842593776049
58376047884577497654923085716023912585166573247171046773028552921492437035833
72234500506409924761647291372194820081946222039518485441429974552040741423107
67834901509869346379910191108119705681978368131330976506076755502960637098634
63781439681027294530210555888264032871379721484163587825621927409560472169541
109014318441742069462883985642822006846293238609332840520189195385774812270252
68822641104492418618934748897319753179566368054387735156186619946660585367469
114707404832500800254145324739874206801161158745618539677762565264497968806419
107269448979303294995535404596148596818327845159662940641164003081793649758420
60451048316912707539016681886988886511961271956612636557849464430991420342600
70112131468989506406399370585990834591881840733171304405517568091925322525815
68307154794988310725887829192017997384775044717169742447064722160641447269278
97709156318282438044376864711803246023601245417215615192943337526118090648352
83158407354745523330748049512243422237327650859186386068841390752532759411285
114509193442753290607224059917378700671595918324816952750738264757549018818065
99603269020480153626039110593456714876012264733310575894270009550411124103395
72147775051420532805330333325155722030479135088295142946706046185077182396837
89460152082314320124312719183734002876388267050241838322690499335978766898243
89464629436829804408963615232222579762931816730811576544435252882754232748906
73880004478687265615292463077209251932119318561899143310094156202933992214631
94464375668860697190197573507268803604405712454202233474965435370665174375724
74884996027228377419168091262679907138908488261478673202807143225506821149887
67143093195647312534264697935322515804049982312110420340978039153647611162368
91962385999883131445029201757988628038069852067199325542154684062098301027775
79146699104069378967700773169254189778199920126426159218416036962092063580680
78181688048777661496375567294463637474421374365655221760649975446118136864578
94235245859025599530198994595508605836910962490574794169338810789488924680826
112352086307525826111567629721128209742333596231762250912284014446353528697659
91080988058529573386506037907497125360863240115458711079916338683681012882724
108709650798232929972311968353560582992933287324074566929985474372580368737082
99761743306684244989114075956176614630049394776545362339400925385002829191333
92009530965565612529073460244826922728553467308249203534079454312506749643139
77466850893248703528324042613244735306495887351773528937671396758880816383979
103573481411458961026066279915118134685181447213892742259926398512356111220982
101770915434918931030176391565756931176257078815445118735767042559369999901839
81998523400772942193679923206748228867985553681526986528910499967741038396396
91977216348980559202092833944008819820992804443514441608302408925957277314800
93189377009942429684885618853159134080058612567056165901940329200236574761911
103161404025970424149543679705353497087505129650822800751907933981524909896633
94597372475959689578448263777557770658625066292795831930623244971329254302127
